        1          2          0          2          1          2
        1          2          1          2          2          3
        1          1          0          1          2          2
        1          4          1          3          1          4
        1          2          1          3          1          3
        1          3          1          2          3          4
        1          3          0          4          4          4
        1          4          1          3          3          4
        1          4          1          4          4          4
        1          3          1          4          2          4
        1          3          0          3          3          3
        1          3          1          2          1          3
        1          2          1          3          3          1
        1          3          1          3          3          3
        1          4          1          2          1          3
        1          4          1          3          4          4
        1          3          1          3          2          3
        1          2          1          1          3          2
        1          3          0          4          3          4
        1          1          1          2          2          2
        1          2          0          3          3          3
        1          2          0          2          2          3
        1          1          1          2          1          3
        1          2          1          3          1          2
        1          2          0          2          1          2
        1          1          0          2          1          3
        1          1          0          3          1          1
        1          3          1          1          1          1
        1          1          1          2          1          2
        1          3          1          3          2          3
        1          2          0          4          4          3
        1          2          0          3          2          3
        1          2          1          2          1          4
        1          2          1          3          1          3
        1          1          1          1          1          2
        1          1          1          3          4          1
        2          1          0          4          2          1
        2          3          1          4          3          2
        2          3          1          1          2          1
        2          3          1          3          3          3
        2          3          0          4          3          2
        2          3          0          3          2          2
        2          3          1          4          3          3
        2          3          1          3          3          3
        2          2          0          2          2          1
        2          2          1          3          1          2
        2          2          0          2          2          4
        2          2          0          1          1          3
        2          4          1          4          2          3
        2          3          1          3          2          2
        2          3          1          4          2          3
        2          3          0          2          1          2
        2          3          1          3          3          4
        2          1          1          4          1          4
        2          3          1          3          3          1
        2          4          1          4          4          3
        2          4          1          4          3          3
        2          2          0          1          1          3
        2          4          1          4          2          4
        2          3          1          4          3          3
        2          3          1          4          1          4
        2          2          0          4          3          4
        2          2          0          4          1          3
        2          4          1          3          3          4
        2          3          1          3          4          3
        2          3          1          3          2          3
        2          2          1          3          1          2
        2          4          1          4          4          4
        2          4          1          4          3          4
        2          2          0          3          3          2
        2          2          0          3          3          2
        2          1          1          2          1          2
        2          3          1          3          1          4
        2          2          0          2          2          2
        2          1          1          2          2          2
        2          3          1          2          1          3
        2          3          1          3          1          2
        2          3          1          4          3          3
        2          3          0          4          2          1
        2          2          1          3          3          1
        2          3          0          4          3          3
        2          3          1          4          2          3
        2          2          1          3          3          2
        2          2          0          3          1          2
        2          1          1          1          1          1
        2          2          1          2          2          2
        2          3          1          3          3          2
        2          2          1          4          3          2
        2          2          1          3          2          2
        2          3          0          4          2          3
        2          4          1          3          2          3
        2          3          1          4          2          2
        2          3          0          4          3          2
        3          2          1          3          2          2
        3          1          1          2          2          3
        3          2          0          2          3          3
        3          4          1          4          4          4
        3          3          1          4          1          2
        3          3          1          2          3          3
        3          2          1          1          1          1
        3          2          1          3          1          2
        3          4          1          3          3          3
        3          2          1          3          3          2
        3          1          1          4          3          1
        3          2          1          3          2          3
        3          1          1          2          1          2
        3          2          1          3          1          4
        3          2          1          2          1          1
        3          1          1          4          1          1
        3          3          1          3          2          4
        3          3          0          2          3          3
        3          2          0          3          2          2
        3          3          1          3          2          2
        3          3          1          4          4          3
        3          2          1          3          2          2
        3          2          0          4          3          4
        3          2          1          3          3          1
        4          1          1          3          3          2
        4          3          1          3          2          4
        4          2          1          4          3          3
        4          3          1          3          3          2
        4          1          0          3          3          2
        4          2          1          3          2          3
        4          1          1          3          2          1
        4          4          1          3          3          4
        4          3          1          4          4          4
        4          3          1          3          3          2
        4          2          1          4          2          3
        4          3          1          4          2          3
        4          3          1          4          2          3
        4          4          1          4          3          1
        4          3          0          4          4          2
        4          2          0          3          2          4
        4          4          0          4          4          4
        4          4          1          4          3          3
        4          2          1          2          1          2
        4          2          1          3          2          3
        4          3          0          3          2          3
        4          3          1          2          1          3
        4          3          1          3          3          3
        4          4          0          4          2          3
        4          4          1          4          4          4
        4          4          1          4          3          4
        4          4          1          1          4          4
        4          1          1          1          2          1
        4          2          1          3          3          2
        4          3          1          3          1          3
        4          3          1          3          3          3
        4          2          1          2          1          3
        4          4          1          3          2          3
        4          4          1          4          4          3
        4          2          1          2          3          2
        4          3          1          3          3          3
        4          2          0          3          2          1
        4          4          1          4          3          4
        4          2          1          2          1          1
        4          3          1          3          3          3
        4          1          1          4          1          2
        4          4          1          3          3          2
        4          4          1          4          3          4
        4          2          0          4          2          4
        5          2          1          4          2          3
        5          4          1          4          4          4
        5          2          1          1          1          1
        5          2          1          2          1          2
        5          3          1          4          3          3
        5          2          1          4          2          2
        5          1          0          1          1          2
        5          2          1          3          2          3
        5          2          1          4          1          2
        5          2          1          2          2          2
        5          1          0          1          1          1
        5          4          1          4          2          4
        5          2          0          2          2          2
        5          2          0          2          1          1
        6          3          1          4          3          1
        6          3          1          4          3          3
        6          3          1          3          3          2
        6          2          1          2          2          3
        6          4          1          4          3          2
        6          3          1          3          3          3
        6          4          1          4          3          3
        6          3          1          3          2          3
        6          1          1          1          1          1
        6          4          1          4          4          4
        6          2          1          3          2          1
        6          2          1          4          3          2
        6          1          0          3          3          1
        6          3          1          4          4          3
        6          1          1          3          2          1
        6          3          1          3          4          3
        6          3          1          3          1          2
        6          4          1          4          3          2
        6          4          0          4          4          4
        6          3          1          3          3          4
        6          1          1          1          1          1
        6          4          1          4          4          3
        6          3          1          3          3          1
        6          4          1          4          4          3
        6          2          0          4          3          1
        6          3          1          3          3          3
        6          4          0          4          2          4
        6          4          1          4          4          4
        6          4          1          1          4          4
        6          3          1          3          2          3
        6          3          1          4          2          3
        7          4          1          4          1          4
        7          3          0          4          2          2
        7          4          0          3          3          3
        7          4          1          3          2          3
        7          3          1          3          2          3
        7          3          1          4          3          1
        7          2          1          2          3          1
        7          3          0          4          3          3
        7          3          1          4          4          2
        7          3          1          4          4          3
        7          4          1          4          3          3
        7          3          1          3          4          4
        7          2          1          4          2          1
        7          3          1          4          3          2
        8          4          1          3          4          4
        8          3          1          3          1          3
        8          3          1          2          2          3
        8          2          1          3          3          2
        8          3          1          4          1          4
        8          4          0          3          3          4
        8          4          0          4          4          4
        8          3          1          1          1          2
        8          3          1          3          3          4
        8          1          1          4          1          1
        8          3          1          2          1          3
        8          1          1          2          1          1
        8          2          1          2          2          1
        8          4          1          4          2          3
        8          2          1          3          2          3
        8          2          1          1          4          4
        8          3          1          3          3          3
        8          2          1          3          4          3
        8          3          1          2          2          3
        8          3          1          3          1          2
        8          3          1          4          3          4
        8          3          1          3          2          3
        8          2          1          3          3          2
        8          3          1          1          2          2
        8          3          1          4          3          3
        8          1          1          2          1          1
        8          2          0          2          3          2
        8          1          1          3          1          1
        8          1          1          1          1          1
        8          2          1          1          2          3
        8          1          1          2          2          2
        8          2          1          2          2          2
        8          4          1          4          1          4
        8          1          1          2          1          1
        8          3          1          1          1          2
        8          3          1          2          1          1
        8          1          1          1          1          1
        9          3          1          3          3          3
        9          2          1          3          2          3
        9          4          1          4          2          1
        9          4          1          4          3          1
        9          4          1          4          4          4
        9          4          1          3          3          4
        9          3          1          3          2          4
        9          2          0          1          1          3
        9          3          0          3          3          3
        9          3          0          4          1          2
        9          2          0          4          2          2
        9          3          1          3          1          3
        9          4          1          3          3          4
        9          2          1          2          1          1
        9          1          0          3          2          2
        9          2          1          3          2          2
        9          2          1          2          2          1
        9          3          1          4          1          2
        9          3          1          3          3          3
        9          2          1          3          1          2
        9          3          1          3          3          2
        9          3          1          2          3          2
        9          3          1          3          1          2
        9          3          1          3          2          2
        9          3          1          4          3          3
        9          3          1          3          1          2
        9          3          1          4          2          2
        9          3          1          2          3          2
        9          4          1          4          4          4
        9          3          1          4          3          4
        9          3          1          2          2          3
        9          3          1          4          3          4
        9          3          1          4          3          2
        9          3          1          1          2          2
        9          3          0          3          3          2
        9          3          1          3          2          3
        9          4          1          4          4          3
        9          3          1          3          3          2
        9          4          1          4          4          3
        9          3          1          3          3          3
        9          3          1          3          2          3
        9          4          1          4          2          4
        9          1          1          2          2          1
        9          3          1          3          3          2
        9          4          1          2          1          4
        9          3          1          3          3          3
        9          3          1          3          1          2
        9          4          1          4          1          4
        9          3          1          2          2          3
        9          4          1          4          3          4
        9          3          1          4          4          3
        9          3          1          3          3          3
        9          4          1          4          4          4
        9          3          1          1          1          2
        9          3          1          4          1          4
        9          3          1          4          1          2
        9          4          1          3          1          2
        9          2          1          4          2          1
        9          3          0          4          3          2
        9          4          1          3          2          3
       10          3          1          3          2          3
       10          4          1          4          4          3
       10          4          0          3          4          3
       10          3          1          3          3          3
       11          3          1          4          3          3
       11          3          1          4          3          2
       11          4          1          3          3          3
       12          4          0          4          2          4
       12          4          1          4          4          4
       12          4          1          4          3          4
       12          4          0          4          3          3
       12          3          0          4          2          4
       12          3          1          4          2          3
       12          3          0          3          3          3
       12          4          1          4          3          4
       12          4          1          4          3          3
       12          1          0          1          1          1
       12          3          1          3          3          4
       12          3          1          3          3          3
       12          4          1          3          4          4
       12          2          1          2          1          3
       12          3          0          3          2          3
       12          3          1          3          2          2
       12          4          1          4          4          4
       12          2          1          3          2          3
       12          3          0          3          3          4
       12          3          1          4          3          3
       12          4          1          4          1          3
       13          2          0          3          4          1
       13          3          1          4          3          3
       13          2          1          3          2          1
       13          1          0          2          2          3
       13          1          0          4          1          2
       13          2          1          2          3          1
       13          3          0          3          1          2
       13          3          1          3          2          2
       13          2          1          3          1          1
       13          4          0          3          3          4
       13          3          1          3          2          3
       13          2          1          3          3          3
       13          2          1          3          2          2
       13          2          1          2          2          3
       13          3          1          3          1          2
       13          2          0          3          2          2
       13          1          1          1          1          2
       13          2          1          3          2          3
       13          3          1          3          2          3
       13          4          1          3          3          4
       13          2          0          4          2          2
       14          3          0          4          3          2
       14          4          1          4          3          2
       14          3          1          4          3          3
       14          2          0          4          3          3
       14          1          0          3          2          3
       14          3          1          4          3          3
       14          3          0          3          2          3
       14          3          1          3          4          4
       14          3          1          4          4          2
       14          2          1          3          1          2
       14          3          1          2          1          3
       14          1          0          4          1          1
       14          3          1          4          2          4
       14          2          1          2          2          2
       14          2          1          3          2          1
       14          2          1          2          2          2
       14          3          0          3          3          4
       14          2          1          3          1          2
       14          2          0          3          3          2
       14          2          1          4          2          2
       14          1          1          3          1          2
       14          3          1          4          2          3
       15          4          1          4          4          3
       15          3          1          4          3          3
       15          2          0          3          3          3
       15          1          0          4          1          4
       15          2          1          2          3          2
       15          3          0          2          1          3
       15          3          1          3          3          3
       15          3          1          4          3          3
       15          4          0          4          4          4
       15          3          1          3          3          4
       15          3          1          3          3          3
       15          3          1          3          3          3
       15          3          1          3          3          3
       15          3          1          3          3          3
       15          3          0          3          3          3
       15          4          1          4          4          4
       15          4          1          4          4          4
       15          3          0          3          3          3
       15          4          1          4          4          4
       15          3          1          4          3          3
       15          2          0          3          4          3
       16          4          0          4          4          4
       16          3          1          4          1          4
       16          2          0          1          1          2
       16          3          1          4          3          3
       16          3          1          3          4          4
       16          4          1          3          2          3
       16          3          0          3          2          3
       16          4          0          2          3          4
       16          3          1          2          2          3
       16          4          0          3          3          3
       16          4          0          3          3          4
       16          4          0          4          3          4
       16          3          1          3          2          4
       16          3          0          4          4          4
       16          4          1          3          3          4
       16          4          1          4          4          4
       16          3          1          3          2          3
       16          3          1          4          2          3
       16          3          1          4          2          3
       16          4          1          4          4          4
       16          4          0          3          1          3
       16          1          1          2          3          3
       16          2          1          4          2          3
       16          2          1          2          1          1
       16          1          1          2          1          3
       16          3          0          1          2          2
       16          4          1          3          1          3
       16          3          1          4          1          3
       16          3          1          4          1          4
       16          3          0          4          1          4
       16          4          0          3          3          4
       16          3          1          4          3          3
       16          4          1          4          3          4
       16          3          1          3          3          3
       16          3          1          3          2          4
       16          4          1          4          3          4
       16          4          1          3          3          4
       16          3          0          3          3          3
       16          3          0          3          2          3
       16          2          1          3          1          3
       16          4          1          3          3          4
       16          2          0          3          3          2
       16          4          1          3          3          4
       16          3          1          1          1          3
       16          2          1          1          1          2
       16          3          0          2          2          3
       16          4          1          3          3          3
       16          4          1          2          4          3
       16          3          0          3          3          3
       16          3          1          3          3          3
       16          2          1          4          2          3
       16          3          0          1          2          4
       16          2          1          1          1          1
       16          3          1          2          2          2
       16          3          1          2          2          2
       16          2          1          2          2          3
       16          3          1          2          3          3
       16          4          0          4          4          4
       16          3          1          4          1          4
       16          2          1          3          2          3
       16          2          1          4          4          2
       16          2          0          4          4          3
       16          4          0          3          3          4
       17          1          1          1          1          4
       17          1          0          4          1          4
       17          4          1          3          3          4
       17          3          1          2          2          3
       17          2          1          2          2          3
       17          1          1          1          1          1
       17          3          1          3          3          3
       17          3          0          2          2          4
       17          3          1          3          3          4
       17          1          1          2          1          1
       17          3          1          3          3          3
       17          2          0          2          2          3
       17          2          1          3          2          2
       17          1          1          3          3          3
       17          2          1          2          1          2
       17          1          1          1          3          1
       17          3          0          4          4          4
       17          3          0          3          2          3
       17          1          1          3          3          4
       17          4          1          4          4          4
       17          3          1          3          2          3
       17          2          0          2          2          2
       17          1          1          1          1          2
       17          2          1          3          3          3
       17          3          0          2          1          3
       17          2          1          1          1          3
       17          4          1          3          3          4
       17          4          1          1          3          4
       17          1          1          1          2          1
       17          2          1          3          3          2
       17          2          1          2          1          2
       17          3          1          3          3          4
       17          2          1          2          1          3
       17          3          1          3          3          3
       17          2          0          3          2          3
       17          4          1          4          3          4
       17          2          1          2          2          2
       17          3          1          3          3          3
       17          2          1          3          3          3
       17          2          0          4          2          4
       18          3          1          2          3          3
       18          4          1          3          3          3
       18          4          0          4          4          4
       18          4          1          3          2          4
       18          4          1          3          3          4
       18          4          1          2          2          3
       18          4          1          4          1          4
       18          4          1          4          1          4
       18          3          1          1          1          4
       18          4          1          1          1          4
       18          3          1          3          2          3
       18          4          1          4          3          3
       18          4          1          4          3          4
       18          3          1          4          3          3
       18          4          1          4          3          4
       18          4          1          3          3          4
       18          3          1          3          1          2
       18          4          0          4          4          3
       18          4          1          3          1          4
       18          4          1          3          1          2
       18          3          1          2          1          3
       18          4          1          1          4          4
       18          2          1          3          3          2
       18          4          1          4          3          4
       18          4          0          3          3          3
       18          3          0          3          2          3
       18          2          1          2          3          2
       18          3          1          3          2          3
       18          4          0          2          1          3
       18          3          1          3          3          3
       18          4          0          4          3          3
       19          1          1          4          3          4
       19          1          1          1          1          1
       19          2          1          3          3          3
       19          4          1          4          1          4
       19          3          1          1          2          4
       19          3          1          3          2          3
       19          3          1          4          2          3
       19          3          1          4          2          3
       19          3          0          3          2          3
       19          3          1          2          2          3
       19          3          1          4          4          4
       19          3          1          4          4          3
       19          3          1          4          3          3
       19          3          1          3          3          3
       19          1          1          1          1          1
       19          4          1          4          4          4
       19          3          1          4          2          3
       19          3          1          3          1          4
       19          3          0          3          2          3
       19          2          1          3          3          3
       19          3          1          2          3          3
       19          3          1          3          3          3
       19          1          0          2          2          2
       19          3          0          2          3          3
       19          3          1          3          3          3
       19          3          1          3          2          4
       19          3          0          3          1          3
       19          2          1          1          2          3
       19          1          1          1          1          1
       19          3          1          2          1          4
       19          1          1          3          1          1
       19          3          1          2          1          3
       19          3          0          3          2          1
       19          3          1          4          3          2
       19          4          0          2          1          4
       19          1          1          1          1          1
       19          4          1          4          3          3
       19          1          0          4          3          2
       20          1          1          2          2          3
       20          1          1          2          2          3
       20          2          1          3          3          4
       20          3          1          3          2          4
       20          3          0          2          1          4
       20          1          1          1          1          1
       20          1          0          2          2          3
       20          1          0          3          1          2
       20          1          0          3          1          1
       20          3          1          3          1          3
       20          2          1          3          1          1
       20          2          1          4          1          3
       20          2          1          4          2          3
       20          3          1          2          2          3
       20          3          1          3          3          3
       20          2          1          2          2          3
       20          2          1          2          2          3
       20          1          1          2          1          2
       20          3          1          3          3          4
       20          2          0          3          3          3
       20          2          1          2          3          1
       20          3          1          2          1          2
       20          3          1          3          3          3
       20          3          1          3          2          3
       20          3          0          3          2          2
       20          1          1          2          1          3
       20          2          1          2          2          4
       20          2          1          4          3          3
       20          2          1          3          3          4
       20          2          1          3          3          4
       20          3          1          1          1          3
       20          3          1          1          1          2
       20          3          1          4          2          4
       20          3          1          4          1          4
       20          2          0          2          3          4
       20          3          1          4          1          4
       20          2          1          3          2          2
       20          2          1          3          3          3
       20          1          1          2          2          3
       20          3          1          3          3          4
       20          2          1          3          1          3
       20          2          1          2          1          4
       20          2          1          2          2          3
       20          2          1          2          2          3
       20          2          1          2          1          3
       20          4          1          4          1          4
       20          3          1          2          2          4
       20          2          1          2          3          4
       20          2          1          2          2          4
       20          2          1          3          2          3
       20          2          1          2          3          3
       20          2          1          4          1          4
       20          3          1          4          2          4
       20          3          1          1          1          4
       20          2          1          4          2          4
       20          2          1          4          2          4
       20          2          1          3          2          2
       20          4          1          2          3          4
       20          2          1          4          3          4
       20          1          1          1          2          3
       21          3          1          2          1          3
       21          3          0          3          2          3
       21          3          1          4          1          4
       21          3          0          3          2          4
       21          3          0          3          2          4
       21          3          1          4          2          1
       21          4          1          4          3          4
       21          3          1          3          2          4
       21          3          0          2          2          3
       21          3          1          2          2          2
       21          2          1          4          1          4
       21          2          1          3          1          2
       21          3          0          3          1          3
       21          3          1          3          2          4
       21          2          1          2          2          3
       21          2          1          3          2          2
       22          2          1          4          1          4
       22          2          1          2          2          3
       22          3          1          4          2          4
       22          2          1          4          3          2
       22          2          1          2          1          3
       22          2          1          2          2          3
       22          3          1          3          3          3
       22          3          1          3          2          4
       23          2          1          1          3          1
       23          2          1          4          3          1
       23          1          0          3          2          1
       23          4          1          3          2          3
       23          3          1          3          2          3
       23          2          1          2          2          3
       23          4          0          4          4          4
       23          2          1          1          2          2
       23          3          1          4          1          2
       23          3          0          3          2          4
       23          1          1          4          1          1
       23          2          1          4          4          1
       23          2          1          4          3          1
       23          3          1          3          2          3
       23          2          1          3          1          2
       23          3          1          4          2          3
       23          1          1          3          2          1
       23          2          1          3          1          2
       23          3          1          3          3          4
       23          2          0          2          2          1
       23          3          1          4          1          2
       24          4          1          1          3          4
       24          3          1          3          3          3
       24          4          1          3          2          3
       24          3          1          4          2          2
       24          3          1          3          3          3
       24          3          1          2          2          4
       24          3          1          2          1          4
       24          4          0          1          4          3
       24          4          1          3          2          4
       24          4          0          4          1          3
       24          3          1          3          2          3
       24          3          1          2          2          3
       24          2          1          4          3          1
       24          3          1          4          2          2
       24          3          1          2          2          3
       24          3          1          3          3          3
       24          3          1          3          3          3
       24          3          0          3          3          3
       24          4          1          3          2          3
       24          4          1          4          2          3
       24          2          0          3          3          2
       24          4          0          3          2          4
       25          3          1          3          3          4
       25          2          1          3          3          3
       25          2          0          4          4          4
       25          1          1          2          2          2
       26          3          0          4          3          3
       26          1          1          4          3          1
       26          4          1          4          3          2
       26          2          0          3          3          3
       26          3          0          2          2          3
       26          3          0          4          1          4
       26          3          1          4          3          3
       26          1          0          1          1          1
       26          2          0          2          1          2
       26          1          1          3          2          1
       26          2          1          4          3          1
       26          1          1          4          1          1
       26          1          0          3          1          4
       26          1          1          4          1          3
       26          1          1          2          1          2
       26          1          1          2          3          4
       26          1          1          2          1          2
       26          3          1          3          1          3
       26          2          0          2          3          2
       26          1          1          4          1          3
       26          1          1          1          1          4
       26          1          1          2          1          1
       26          4          1          4          2          4
       26          1          0          4          1          4
       27          2          1          3          2          3
       27          1          1          1          1          2
       27          3          1          3          3          4
       27          3          1          3          4          4
       27          3          1          4          3          4
       27          3          1          4          3          3
       27          1          1          3          2          1
       27          2          1          3          2          4
       28          3          1          3          3          3
       28          4          1          4          4          4
       28          3          1          4          3          4
       28          4          1          4          4          4
       28          4          1          4          4          4
       28          4          1          4          4          4
       28          4          1          4          4          4
       28          4          1          4          4          4
       29          2          1          3          2          3
       29          3          1          4          2          3
       29          2          1          3          2          4
       29          3          1          4          4          4
       29          2          1          4          3          2
       29          2          1          4          2          3
       29          4          1          4          4          4
       30          2          1          1          2          3
       30          2          1          4          1          3
       30          2          1          3          2          3
       30          3          1          3          4          4
       30          2          1          1          1          4
       30          3          1          4          3          3
       30          4          1          4          2          4
       30          3          1          4          2          3
